#Number of stations
20
#style
1
#names
E1
38.20195  -99.31915  38.20195  -99.31915  0
E2
38.30764  -97.30484  38.30764  -97.30484  0
E3
38.19732  -95.58963  38.19732  -95.58963  0
E4
37.95774  -98.32245  37.95774  -98.32245  0
E5
38.11070  -97.51208  38.11070  -97.51208  0
E6
37.84734  -97.01242  37.84734  -97.01242  0
E7
37.37976  -96.18036  37.37976  -96.18036  0
E8
37.33888  -99.30307  37.33888  -99.30307  0
E9
37.13856  -97.26883  37.13856  -97.26883  0
E10
37.06759  -95.78159  37.06759  -95.78159  0
E11
36.88781  -98.28284  36.88781  -98.28284  0
E12
36.84341  -96.42841  36.84341  -96.42841  0
E13
36.60892  -97.48602  36.60892  -97.48602  0
E15
36.43817  -98.28061  36.43817  -98.28061  0
E16
36.06364  -99.13538  36.06364  -99.13538  0
E19
35.55750  -98.01105  35.55750  -98.01105  0
E20
35.56297  -96.98315  35.56297  -96.98315  0
E22
35.35447  -99.01392  35.35447  -99.01392  0
E24
34.88289  -98.20734  34.88289  -98.20734  0
E27
35.26405  -96.73340  35.26405  -96.73340  0
