Vegetation Parameters
USGS-RUC
28,1, 'ALBEDO    Z0   LEMI     PC   SHDFAC IFOR   RS      RGL      HS      SNUP    LAI    MAXALB'
1,     .18,     1.0,   .88,   .40,   .10,   9,    200.,   999.,   999.0,   0.04,   1.00,     40.,    'Urban and Built-Up Land'
2,     .17,     .06,   .92,   .30,   .80,   7,     40.,   100.,   36.25,   0.04,   5.68,     64.,    'Dryland Cropland and Pasture'
3,     .18,     .075,  .92,   .40,   .80,   7,     40.,   100.,   36.25,   0.04,   5.68,     64.,    'Irrigated Cropland and Pasture'
4,     .18,     .125,  .92,   .40,   .80,   7,     40.,   100.,   36.25,   0.04,   4.50,     64.,    'Mixed Dryland/Irrigated Cropland and Pasture'
5,     .18,     .15,   .92,   .40,   .80,   3,     40.,   100.,   36.25,   0.04,   4.29,     64.,    'Cropland/Grassland Mosaic'
6,     .16,     .20,   .93,   .40,   .80,   3,     70.,    65.,   44.14,   0.04,   4.00,     60.,    'Cropland/Woodland Mosaic'
7,     .19,     .075   .92,   .40,   .80,   5,     40.,   100.,   36.35,   0.04,   2.90,     64.,    'Grassland'
8,     .22,     .10,   .88,   .40,   .70,   4,    300.,   100.,   42.00,   0.03,   3.66,     69.,    'Shrubland'
9,     .20,     .11,   .90,   .40,   .70,   4,    170.,   100.,   39.18,  0.035,   2.60,     67.,    'Mixed Shrubland/Grassland'
10,    .20,     .15,   .92,   .40,   .50,   5,     70.,    65.,   54.53,   0.04,   3.66,     45.,    'Savanna'
11,    .16,     .70,   .93,   .55,   .80,   3,    100.,    30.,   54.53,   0.08,   3.31,     58.,    'Deciduous Broadleaf Forest'
12,    .14,     .70,   .94,   .55,   .70,   4,    150.,    30.,   47.35,   0.08,   5.16,     54.,    'Deciduous Needleleaf Forest'
13,    .12,     .70,   .95,   .55,   .95,   2,    150.,    30.,   41.69,   0.08,   6.48,     32.,    'Evergreen Broadleaf Forest'
14,    .12,     .70,   .95,   .55,   .70,   1,    125.,    30.,   47.35,   0.08,   6.40,     52.,    'Evergreen Needleleaf Forest'
15,    .13,     .70,   .94,   .55,   .80,   2,    125.,    30.,   51.93,   0.08,   5.50,     53.,    'Mixed Forest'
16,    .08,    .0001,  .98,   .00,   .00,   9,    100.,    30.,   51.75,   0.01,   0.01,     70.,    'Water Bodies'
17,    .14,     .20,   .95,   .55,   .60,   4,     40.,   100.,   60.00,   0.01,   5.65,     35.,    'Herbaceous Wetland'
18,    .14,     .40,   .95,   .55,   .60,   4,    100.,    30.,   51.93,   0.02,   5.80,     30.,    'Wooded Wetland'
19,    .25,     .05,   .85,   .30,   .01,   5,    999.,   999.,   999.0,   0.02,   0.75,     69.,    'Barren or Sparsely Vegetated'
20,    .15,     .10,   .92,   .30,   .60,   5,    150.,   100.,   42.00,  0.025,   3.35,     58.,    'Herbaceous Tundra'
21,    .15,     .15,   .93,   .40,   .60,   5,    150.,   100.,   42.00,  0.025,   3.35,     55.,    'Wooded Tundra'
22,    .15,     .10,   .92,   .40,   .60,   5,    150.,   100.,   42.00,  0.025,   3.35,     55.,    'Mixed Tundra'
23,    .25,    .065,   .85,   .30,   .30,   5,    200.,   100.,   42.00,   0.02,   3.35,     65.,    'Bare Ground Tundra'
24,    .55,   .0024,   .98,   .00,   .00,   9,    999.,   999.,   999.0,   0.02,   0.01,     75.,    'Snow or Ice'
25,    .30,     .01,   .85,   .30,   .50,   9,     40.,   100.,   36.25,   0.02,   0.01,     69.,    'Playa'
26,    .16,     .15,   .85,   .00,   .00,   9,    999.,   999.,   999.0,   0.02,   0.01,     69.,    'Lava'
27,    .60,     .01,   .90,   .00,   .00,   9,    999.,   999.,   999.0,   0.02,   0.01,     69.,    'White Sand'
28,    .08,    .0001,  .98,   .00,   .00,   9,    100.,    30.,   51.75,   0.01,   0.01,     70.,    'Lakes'
TOPT_DATA
298.0
CMCMAX_DATA
0.2E-3
CFACTR_DATA
0.5
RSMAX_DATA
5000.0
BARE
19
NATURAL
7
CROP
3
URBAN
1
Vegetation Parameters
MODI-RUC
20,1, 'ALBEDO    Z0    LEMI    PC   SHDFAC IFOR   RS      RGL      HS      SNUP    LAI    MAXALB'
1       .12,    .70,   .950,  .55,    .70,   1,    125.,    30.,   47.35,   0.08,   6.40,   52.,     'Evergreen Needleleaf Forest'
2,      .12,    .70,   .950,  .55,    .95,   2,    150.,    30.,   41.69,   0.08,   6.48,   35.,     'Evergreen Broadleaf Forest'
3,      .14,    .70,   .940,  .55,    .70,   4,    150.,    30.,   47.35,   0.08,   5.16,   54.,     'Deciduous Needleleaf Forest'
4,      .16,    .70,   .930,  .55,    .80,   3,    100.,    30.,   54.53,   0.08,   3.31,   58.,     'Deciduous Broadleaf Forest'
5,      .13,    .70,   .940,  .55,    .80,   2,    125.,    30.,   51.93,   0.08,   5.50,   53.,     'Mixed Forests'
6,      .22,    .10,   .930,  .40,    .70,   4,    300.,   100.,   42.00,   0.03,   3.66,   60.,     'Closed Shrublands'
7,      .20,    .10,   .880,  .40,    .70,   4,    170.,   100.,   39.18,  0.035,   2.60,   65.,     'Open Shrublands'
8,      .20,    .15,   .930,  .40,    .70,   5,    300.,   100.,   42.00,   0.03,   3.66,   60.,     'Woody Savannas'
9,      .20,    .15,   .920,  .40,    .50,   5,     70.,    65.,   54.53,   0.04,   3.66,   50.,     'Savannas'
10,     .19,   .075,   .920,  .40,    .80,   5,     40.,   100.,   36.35,   0.04,   2.90,   70.,     'Grasslands'
11      .14,    .30,   .950,  .40,    .60,   4,     70.,    65.,   55.97   0.015    5.72,   59.,     'Permanent wetlands'
12,     .18,    .20,   .935,  .40,    .80,   7,     40.,   100.,   36.25,   0.04,   5.68,   66.,     'Croplands'
13,     .18,    1.0,   .880,  .40,    .10,   9,    200.,   999.,   999.0,   0.04,   1.00,   46.,     'Urban and Built-Up'
14      .16,    .20,   .920,  .40,    .80,   7,     40.,   100.,   36.25,   0.04,   4.29,   68.,     'cropland/natural vegetation mosaic'
15,     .55,   .011,   .980,  .00,    .00,   9,    999.,   999.,   999.0,   0.02,   0.01,   82.,     'Snow and Ice'
16,     .25,   .065,   .850,  .30,    .01,   5,    999.,   999.,   999.0,   0.02,   0.75,   75.,     'Barren or Sparsely Vegetated'
17,     .08,  .0001,   .980,  .00,    .00,   9,    100.,    30.,   51.75,   0.01,   0.01,   70.,     'Water'
18,     .15,    .15,   .930,  .40,    .60,   5,    150.,   100.,   42.00,  0.025,   3.35,   55.,     'Wooded Tundra'
19,     .15,    .10,   .920,  .40,    .60,   5,    150.,   100.,   42.00,  0.025,   3.35,   60.,     'Mixed Tundra'
20,     .15,    .06,   .900,  .30,    .30,   5,    200.,   100.,   42.00,   0.02,   3.35,   75.,     'Barren Tundra'
TOPT_DATA
298.0
CMCMAX_DATA
0.2E-3
CFACTR_DATA
0.5
RSMAX_DATA
5000.0
BARE
16
NATURAL
10
CROP
12
URBAN
13

